Span	        Mat	Inns	NO	Runs	HS	Avg	BF	SR	100s	50s	4s	6s  

Aiden Markram 
2017-2024	 37	67	1	2398	152	36.33	4032	59.47	7	10	353     12
		 68	65	7	2121	175	36.56	2158	98.28	3	10	217	50
		 48	44	7	1241	70	33.54	864	143.63	0	9       112	49


Ryan Rickelton
2022-2024	 4	8	1	165	42	23.57	343	48.10	0	0      	20	1
		 2	2	0	17	14	8.50	26	65.38	0	0	0	1
		 3	3	0	43	19	14.33	38	113.15	0	0	5	0

Quinton De Kock
2012-2024	54	91	6	3300	141*	38.82	4652	70.93	6	22	411	33	
		 155  155	7	6770	178	45.74	7005	96.64	21	30	771	118	
		 92	  91	9	2584	100	31.51	1868	138.32	1	16	264	103
		

